
#salinity:
Sr = [ 29.62605865   0.10374454  -0.03562458  -0.14156091  -0.06348989]
#Both actual and predicted relative reductions in the sum of squares are at most 0.000000 and the relative error between two consecutive iterates is at most 0.000000
1.27398071023

#salinity:
Ss =[  2.96410145e+01   1.01282249e-01   -1.19399857e-04]
#Both actual and predicted relative reductions in the sum of squares are at most 0.000000
1.47092474409

#salinity:
Sc = 29.6403234043
1.53802163972

#temperature:
Tr = [ 9.34995751 -0.27245442 -0.90151197  0.17933473 -0.05590939]
# Both actual and predicted relative reductions in the sum of squares are at most 0.000000 and the relative error between two consecutive iterates is at most 0.000000
1.98994365692

#temperature:
Ts = [ 9.33045042 -0.28396545 -0.94768715]
# Both actual and predicted relative reductions in the sum of squares are at most 0.000000 and the relative error between two consecutive iterates is at most 0.000000
2.17067709399

# temperature:
Tc = 9.12730212766
5.38141649102

# phytoplankton biomass:
Pr =[ 0.56909975 -0.1043935   0.22898407 -0.13502753 -0.11019563]
# Both actual and predicted relative reductions in the sum of squares are at most 0.000000
3.25945411225

# phytoplankton biomass:
Ps = [ 0.58316137 -0.11206845  0.26241523]
# Both actual and predicted relative reductions in the sum of squares are at most 0.000000 and the relative error between two consecutive iterates is at most 0.000000
3.36374089871

# phytoplankton biomass:
Pc = 0.640665957447
3.64421101551

# nitrate concentration:
Nr = [  2.55110756e+01   2.44758794e+00   1.04693121e+00  -1.15845981e-03 8.88950083e-01]
# Both actual and predicted relative reductions in the sum of squares  are at most 0.000000
30.1948479162

# nitrate concentration:
Ns = [ 25.514854     2.54301444   1.05502352]
# Both actual and predicted relative reductions in the sum of squares are at most 0.000000 and the relative error between two consecutive iterates is at most 0.000000
30.482837656

# nitrate concentration:
Nc = 25.7263829787
32.9464184261

# silicon concentration:
Silr = [ 46.02976261   3.80337873   2.26063548  -0.29870897   2.02747908]
# Both actual and predicted relative reductions in the sum of squares are at most 0.000000
59.5302943712

# silicon concentration:
Sils = [ 46.0702054    4.03012251   2.35451384]
# The relative error between two consecutive iterates is at most 0.000000
60.2965537847

# silicon concentration:
Silc = 46.5530851064
64.0172927548

# ratio pico/micro:
Rr = [ 1.24392838  0.16549452  0.10227404  1.01012326  0.44505854]
# Both actual and predicted relative reductions in the sum of squares are at most 0.000000
10.8379666268

# ratio pico/micro:
Rs = [ 1.13717617  0.18220811 -0.15114701]
# Both actual and predicted relative reductions in the sum of squares are at most 0.000000
12.0338931161

# ratio pico/micro: (biseasonal)
R2 = [ 1.25948868  0.97697686  0.46289294]
# Both actual and predicted relative reductions in the sum of squares are at most 0.000000 and the relative error between two consecutive iterates is at most 0.000000
10.8737203765

# ratio pico/micro:
Rc = 1.10328155743
12.0843398578
